0 0.0007777484
1.6e-07 0.0007777484
3.2000000000000001e-07 0.0007777484
4.8000000000000006e-07 0.0007777484
6.4000000000000001e-07 0.0007777484
7.9999999999999996e-07 0.0007777484
9.5999999999999991e-07 0.0007777484
1.1199999999999999e-06 0.0007777484
1.2799999999999998e-06 0.0007777484
1.4399999999999998e-06 0.0007777484
1.5999999999999997e-06 0.0007777484
1.7599999999999997e-06 0.0007777484
1.9199999999999998e-06 0.0007777484
2.08e-06 0.0007777484
2.2400000000000002e-06 0.0007777484
2.4000000000000003e-06 0.0007777484
2.5600000000000005e-06 0.0007777484
2.7200000000000006e-06 0.0007777484
2.8800000000000008e-06 0.0007777484
3.040000000000001e-06 0.0007777484
3.2000000000000011e-06 0.0007777484
3.3600000000000013e-06 0.0007777484
3.5200000000000015e-06 0.0007777484
3.6800000000000016e-06 0.0007777484
3.8400000000000014e-06 0.0007777484
4.0000000000000015e-06 0.0007777484
4.1600000000000017e-06 0.0007777484
4.3200000000000018e-06 0.0007777484
4.480000000000002e-06 0.0007777484
4.6400000000000022e-06 0.0007777484
4.8000000000000023e-06 0.0007777484
4.9600000000000025e-06 0.0007777484
5.1200000000000026e-06 0.0007777484
5.2800000000000028e-06 0.0007777484
5.440000000000003e-06 0.0007777484
5.6000000000000031e-06 0.0007777484
5.7600000000000033e-06 0.0007777484
5.9200000000000035e-06 0.0007777484
6.0800000000000036e-06 0.0007777484
6.2400000000000038e-06 0.0007777484
6.4000000000000039e-06 -0.001241437
6.5600000000000041e-06 -0.002452948
6.7200000000000043e-06 -0.00116067
6.8800000000000044e-06 -0.002404488
7.0400000000000046e-06 -0.001131593
7.2000000000000048e-06 -0.0003678567
7.3600000000000049e-06 9.038531E-05
7.5200000000000051e-06 0.0003653305
7.6800000000000044e-06 0.0005302976
7.8400000000000046e-06 -0.001389907
8.0000000000000047e-06 -0.00254203
8.1600000000000049e-06 -0.003233304
8.320000000000005e-06 -0.003648069
8.4800000000000052e-06 -0.003896927
8.6400000000000054e-06 -0.004046242
8.8000000000000055e-06 -0.004135831
8.9600000000000057e-06 -0.004189584
9.1200000000000059e-06 -0.004221837
9.280000000000006e-06 -0.004241188
9.4400000000000062e-06 -0.004252799
9.6000000000000063e-06 -0.00224058
9.7600000000000065e-06 -0.003052434
9.9200000000000067e-06 -0.003539546
1.0080000000000007e-05 -0.003831814
1.0240000000000007e-05 -0.004007174
1.0400000000000007e-05 -0.004112391
1.0560000000000007e-05 -0.004175521
1.0720000000000007e-05 -0.004213398
1.0880000000000008e-05 -0.004236125
1.1040000000000008e-05 -0.004249761
1.1200000000000008e-05 -0.002238757
1.1360000000000008e-05 -0.00305134
1.1520000000000008e-05 -0.00353889
1.1680000000000008e-05 -0.00383142
1.1840000000000009e-05 -0.001987753
1.2000000000000009e-05 -0.0008815525
1.2160000000000009e-05 -0.002237017
1.2320000000000009e-05 -0.003050296
1.2480000000000009e-05 -0.001519079
1.2640000000000009e-05 -0.0006003478
1.280000000000001e-05 -4.910937E-05
1.296000000000001e-05 0.0002816337
1.312000000000001e-05 0.0004800796
1.328000000000001e-05 0.0005991471
1.344000000000001e-05 0.0006705876
1.360000000000001e-05 0.0007134519
1.3760000000000011e-05 0.0007391705
1.3920000000000011e-05 0.0007546017
1.4080000000000011e-05 0.0007638604
1.4240000000000011e-05 0.0007694156
1.4400000000000011e-05 0.0007727487
1.4560000000000011e-05 0.0007747486
1.4720000000000012e-05 0.0007759485
1.4880000000000012e-05 0.0007766684
1.5040000000000012e-05 0.0007771004
1.5200000000000012e-05 0.0007773596
1.5360000000000012e-05 0.0007775151
1.5520000000000011e-05 0.0007776084
1.5680000000000009e-05 0.0007776644
1.5840000000000008e-05 0.000777698
1.6000000000000006e-05 0.0007777181
1.6160000000000005e-05 0.0007777303
1.6320000000000003e-05 0.0007777375
1.6480000000000001e-05 0.0007777418
1.664e-05 0.0007777445
1.6799999999999998e-05 0.002796931
1.6959999999999997e-05 0.001989258
1.7119999999999995e-05 0.001504654
1.7279999999999994e-05 0.001213892
1.7439999999999992e-05 0.00305862
1.7599999999999991e-05 0.004165457
1.7759999999999989e-05 0.002810373
1.7919999999999988e-05 0.004016509
1.8079999999999986e-05 0.002721005
1.8239999999999985e-05 0.001943702
1.8399999999999983e-05 0.001477321
1.8559999999999982e-05 0.001197492
1.871999999999998e-05 0.00304878
1.8879999999999978e-05 0.004159553
1.9039999999999977e-05 0.004826016
1.9199999999999975e-05 0.005225895
1.9359999999999974e-05 0.005465821
1.9519999999999972e-05 0.005609778
1.9679999999999971e-05 0.003676966
1.9839999999999969e-05 0.004536464
1.9999999999999968e-05 0.003032978
2.0159999999999966e-05 0.004150072
2.0319999999999965e-05 0.004820328
2.0479999999999963e-05 0.003203296
2.0639999999999962e-05 0.004252262
2.079999999999996e-05 0.002862457
2.0959999999999959e-05 0.002028573
2.1119999999999957e-05 0.003547429
2.1279999999999955e-05 0.004458742
2.1439999999999954e-05 0.00500553
2.1599999999999952e-05 0.005333602
2.1759999999999951e-05 0.003511261
2.1919999999999949e-05 0.002417856
2.2079999999999948e-05 0.001761813
2.2239999999999946e-05 0.001368187
2.2399999999999945e-05 0.001132012
2.2559999999999943e-05 0.0009903064
2.2719999999999942e-05 0.0009052832
2.287999999999994e-05 0.0008542693
2.3039999999999939e-05 -0.001195524
2.3199999999999937e-05 -0.0004062153
2.3359999999999936e-05 6.737014E-05
2.3519999999999934e-05 0.0003515214
2.3679999999999933e-05 0.0005220122
2.3839999999999931e-05 0.0006243067
2.3999999999999929e-05 0.0006856833
2.4159999999999928e-05 0.0007225093
2.4319999999999926e-05 0.000744605
2.4479999999999925e-05 0.0007578623
2.4639999999999923e-05 0.0007658168
2.4799999999999922e-05 0.0007705895
2.495999999999992e-05 0.000773453
2.5119999999999919e-05 0.0007751712
2.5279999999999917e-05 0.0007762021
2.5439999999999916e-05 -0.001242365
2.5599999999999914e-05 -0.0004343195
